datetime,open,high,low,close,volume
2025-07-14 05:30:00,56780.75,56896.3,56594.25,56765.35,129588141
2025-07-15 05:30:00,56709.2,57134.95,56707.8,57006.65,131826722
2025-07-16 05:30:00,57111.25,57276.55,56937.6,57168.95,170250627
2025-07-17 05:30:00,57231.95,57262.85,56780.15,56828.8,141028269
2025-07-18 05:30:00,56524.25,56705.15,56204.85,56283.0,149314070
2025-07-21 05:30:00,56558.9,56983.45,56255.7,56952.75,144811176
2025-07-22 05:30:00,57253.35,57286.15,56692.0,56756.0,140173995
2025-07-23 05:30:00,56918.15,57249.0,56715.8,57210.45,136598681
2025-07-24 05:30:00,57316.6,57316.6,56850.9,57066.05,189361213
2025-07-25 05:30:00,57170.7,57170.7,56439.4,56528.9,129724333
2025-07-28 05:30:00,56215.1,56578.4,55997.45,56084.9,151715191
2025-07-29 05:30:00,55881.8,56296.4,55843.25,56222.0,155059440
2025-07-30 05:30:00,56310.1,56321.15,56064.55,56150.7,147227542
2025-07-31 05:30:00,55728.15,56406.2,55547.35,55961.95,193884636
2025-08-01 05:30:00,55897.15,56097.6,55562.1,55617.6,104546652
2025-08-04 05:30:00,55557.5,55752.45,55437.3,55619.35,138080272
2025-08-05 05:30:00,55545.05,55648.15,55202.85,55360.25,117704272
2025-08-06 05:30:00,55329.8,55559.4,55227.7,55411.15,124637611
2025-08-07 05:30:00,55215.65,55614.8,54973.55,55521.15,102014415
2025-08-08 05:30:00,55609.35,55652.6,54905.6,55004.9,104226120
2025-08-11 05:30:00,54999.35,55582.15,54927.55,55510.75,109733559
2025-08-12 05:30:00,55441.1,55566.7,55001.5,55043.7,81123105
2025-08-13 05:30:00,55340.05,55340.05,55026.95,55181.45,86857685
2025-08-14 05:30:00,55102.55,55472.8,55074.3,55341.85,82942129
2025-08-18 05:30:00,55940.6,56156.3,55647.65,55734.9,111358170
2025-08-19 05:30:00,55622.3,55965.55,55608.15,55865.15,95511195
2025-08-20 05:30:00,55751.5,55812.6,55577.35,55698.5,74055370
2025-08-21 05:30:00,55972.05,55993.65,55708.2,55755.45,76555629
2025-08-22 05:30:00,55669.25,55745.0,55102.6,55149.4,87058046
2025-08-25 05:30:00,55147.75,55306.0,55048.4,55139.3,88631811
2025-08-26 05:30:00,54999.05,55068.9,54396.1,54450.45,123812430
2025-08-28 05:30:00,54256.0,54382.25,53768.45,53820.35,134329841
2025-08-29 05:30:00,53660.35,54086.0,53606.45,53655.65,103888450
2025-09-01 05:30:00,53658.15,54035.85,53658.15,54002.45,78043463
2025-09-02 05:30:00,54038.25,54160.95,53578.0,53661.0,77543435
2025-09-03 05:30:00,53630.75,54136.15,53561.75,54067.55,100090205
2025-09-04 05:30:00,54379.6,54450.55,53971.85,54075.45,120031588
2025-09-05 05:30:00,54308.05,54308.05,53719.55,54114.55,79909524
2025-09-08 05:30:00,54215.4,54518.7,54067.15,54186.9,76257333
2025-09-09 05:30:00,54330.55,54350.65,54079.45,54216.1,93756212
2025-09-10 05:30:00,54554.75,54705.2,54400.0,54536.0,116930374
2025-09-11 05:30:00,54413.05,54757.45,54402.4,54669.6,96854156
2025-09-12 05:30:00,54781.55,54852.25,54580.35,54809.3,80119831
2025-09-15 05:30:00,54884.05,55018.7,54807.5,54887.85,72024180
2025-09-16 05:30:00,54778.4,55185.45,54777.75,55147.6,98659319
2025-09-17 05:30:00,55158.35,55540.75,55146.55,55493.3,155327382
2025-09-18 05:30:00,55797.1,55835.25,55490.9,55727.45,134323012
2025-09-19 05:30:00,55647.95,55688.75,55355.3,55458.85,190004775
2025-09-22 05:30:00,55429.3,55666.35,55215.6,55284.75,118640313
2025-09-23 05:30:00,55248.7,55662.0,55159.0,55509.75,171202052
2025-09-24 05:30:00,55387.1,55511.1,55040.45,55121.5,171980461
2025-09-25 05:30:00,55061.65,55276.65,54903.3,54976.2,158420883
2025-09-26 05:30:00,54797.9,54897.0,54310.95,54389.35,127686862
2025-09-29 05:30:00,54460.4,54686.05,54226.6,54461.0,218344229
2025-09-30 05:30:00,54705.5,54793.05,54502.95,54635.85,206876041
2025-10-01 05:30:00,54653.9,55406.75,54582.55,55347.95,172989699
2025-10-03 05:30:00,55182.6,55616.45,55177.0,55589.25,156863037
2025-10-06 05:30:00,55834.7,56164.2,55727.25,56104.85,162639435
2025-10-07 05:30:00,56126.4,56502.45,56025.05,56239.35,153742467
2025-10-08 05:30:00,56098.5,56303.6,55821.0,56018.25,133591450
2025-10-09 05:30:00,55979.0,56286.25,55843.9,56192.05,118029500
2025-10-10 05:30:00,56168.6,56760.25,56152.45,56609.75,162952571
2025-10-13 05:30:00,56337.05,56770.9,56327.4,56625.0,123486993
2025-10-14 05:30:00,56598.65,56721.3,56230.15,56496.45,129845019
2025-10-15 05:30:00,56528.95,56922.7,56491.85,56799.9,123701247
2025-10-16 05:30:00,57139.95,57525.8,56994.7,57422.55,148601313
2025-10-17 05:30:00,57362.9,57830.2,57238.65,57713.35,147161418
2025-10-20 05:30:00,57872.85,58261.55,57872.85,58033.2,341715407
2025-10-21 05:30:00,58063.4,58155.55,57887.2,58007.2,38968242
2025-10-23 05:30:00,58314.55,58577.5,57951.45,58078.05,291556210
2025-10-24 05:30:00,58172.75,58232.9,57482.05,57699.6,132081008
2025-10-27 05:30:00,57796.45,58224.55,57652.75,58114.25,153027019
2025-10-28 05:30:00,58006.55,58313.8,57770.35,58214.1,256079447
2025-10-29 05:30:00,58316.25,58469.9,58087.05,58385.25,151847243
2025-10-30 05:30:00,58152.05,58331.2,57999.2,58031.1,222993699
2025-10-31 05:30:00,57942.45,58254.95,57656.95,57776.35,307922255
2025-11-03 05:30:00,57726.85,58247.55,57718.4,58101.45,204665357
2025-11-04 05:30:00,57966.65,58119.65,57732.95,57827.05,168559617
2025-11-06 05:30:00,57714.8,57945.05,57521.0,57554.25,170428684
2025-11-07 05:30:00,57391.4,58001.35,57157.85,57876.8,142423718
2025-11-10 05:30:00,57846.2,58097.2,57846.2,57937.55,123385793
2025-11-11 05:30:00,57962.3,58187.35,57594.25,58138.15,119589571
2025-11-12 05:30:00,58505.35,58507.7,58171.85,58274.65,149265514
2025-11-13 05:30:00,58158.75,58615.95,58127.1,58381.95,121244767
2025-11-14 05:30:00,58050.0,58590.15,58050.0,58517.55,114807987
2025-11-17 05:30:00,58696.3,59001.55,58605.3,58962.7,157460315
2025-11-18 05:30:00,58990.5,59103.65,58798.9,58899.25,145542247
2025-11-19 05:30:00,58908.15,59264.25,58688.55,59216.05,149831471
2025-11-20 05:30:00,59308.2,59440.1,59125.25,59347.7,120021307
2025-11-21 05:30:00,59116.7,59232.15,58823.65,58867.7,121382744
2025-11-24 05:30:00,58996.9,59309.9,58649.5,58835.35,190388710
2025-11-25 05:30:00,58925.65,59166.15,58746.2,58820.3,137380135
2025-11-26 05:30:00,58783.05,59554.95,58783.05,59528.05,140180988
2025-11-27 05:30:00,59605.3,59866.6,59523.0,59737.3,137809670
2025-11-28 05:30:00,59758.7,59897.5,59598.95,59752.7,100023044
2025-12-01 05:30:00,60102.05,60114.3,59527.6,59681.35,122326469
2025-12-02 05:30:00,59354.2,59656.55,59251.95,59273.8,207110345
2025-12-03 05:30:00,59158.7,59414.9,58925.7,59348.25,166403478
2025-12-04 05:30:00,59287.1,59548.7,59062.15,59288.7,109589024
2025-12-05 05:30:00,59133.2,59806.6,59106.55,59777.2,119481620
2025-12-08 05:30:00,59672.05,59713.15,59030.6,59238.55,131203623
2025-12-09 05:30:00,58918.85,59358.25,58878.45,59222.35,137801477
2025-12-10 05:30:00,59281.55,59440.9,58853.9,58960.4,105165395
2025-12-11 05:30:00,58966.2,59423.35,58799.9,59209.85,96941328
2025-12-12 05:30:00,59401.5,59545.7,59224.85,59389.95,107708486
2025-12-15 05:30:00,59053.7,59533.0,59044.65,59461.8,125225674
2025-12-16 05:30:00,59288.75,59335.25,58966.35,59034.6,123339470
2025-12-17 05:30:00,59072.8,59127.2,58801.4,58926.75,132704071
2025-12-18 05:30:00,58712.7,59211.0,58712.7,58912.85,97400429
2025-12-19 05:30:00,59047.4,59140.55,58897.5,59069.2,179050841
2025-12-22 05:30:00,59224.75,59371.2,59155.5,59304.0,114820013
2025-12-23 05:30:00,59334.35,59402.35,59216.75,59299.55,91776313
2025-12-24 05:30:00,59322.95,59478.15,59118.25,59183.6,82531128
2025-12-26 05:30:00,59092.85,59180.65,58947.05,59011.35,72911531
2025-12-29 05:30:00,59007.05,59140.4,58809.55,58932.35,106916404
2025-12-30 05:30:00,58885.95,59272.7,58737.6,59171.25,295715909
2025-12-31 05:30:00,59194.6,59766.2,59187.1,59581.85,122549765
2026-01-01 05:30:00,59674.8,59743.2,59569.65,59711.55,71833280
2026-01-02 05:30:00,59757.4,60203.75,59738.25,60150.95,124122997
2026-01-05 05:30:00,60360.4,60437.35,59859.8,60044.2,135043180
2026-01-06 05:30:00,59957.8,60305.0,59844.8,60118.4,146690473
2026-01-07 05:30:00,60039.7,60065.4,59760.65,59990.85,178363866
2026-01-08 05:30:00,59893.15,60112.85,59564.8,59686.5,162398123
2026-01-09 05:30:00,59558.15,59739.65,59154.2,59251.55,146985508
2026-01-12 05:30:00,59217.25,59541.1,58864.2,59450.5,137160948
2026-01-13 05:30:00,59767.55,59767.55,59312.05,59578.8,143486572
2026-01-14 05:30:00,59330.35,59796.65,59324.2,59580.15,183214428
2026-01-16 05:30:00,59590.35,60235.15,59510.5,60095.15,271823156
2026-01-19 05:30:00,60093.3,60107.5,59594.6,59891.35,271229538
2026-01-20 05:30:00,59851.4,59993.5,59283.95,59404.2,216098276
2026-01-21 05:30:00,59142.0,59447.35,58278.6,58800.3,182300271
2026-01-22 05:30:00,59194.25,59573.1,58823.05,59200.1,189722691
2026-01-23 05:30:00,59305.15,59400.15,58346.25,58473.1,178848449
2026-01-27 05:30:00,58366.05,59436.8,58121.6,59205.45,259534262
2026-01-28 05:30:00,59575.65,59699.9,59240.1,59598.8,178403366
2026-01-29 05:30:00,59416.25,60060.7,59339.0,59957.85,314148419
2026-01-30 05:30:00,59542.25,59906.9,59501.8,59610.45,220139738
2026-02-01 05:30:00,59607.65,59865.7,57783.2,58417.2,133427828
2026-02-02 05:30:00,58239.3,58687.05,57829.85,58619.0,191569241
2026-02-03 05:30:00,61411.2,61764.85,59793.2,60041.3,264635229
2026-02-04 05:30:00,60163.35,60389.4,59891.75,60238.15,141236582
2026-02-05 05:30:00,60315.35,60328.3,59881.05,60063.65,140199704
2026-02-06 05:30:00,59967.1,60149.9,59644.55,60120.55,131988945
2026-02-09 05:30:00,60805.2,60876.2,60495.7,60669.35,181188685
2026-02-10 05:30:00,60740.8,60797.55,60531.55,60626.4,153373697
2026-02-11 05:30:00,60670.25,60779.95,60444.65,60745.35,173492411
2026-02-12 05:30:00,60786.15,60864.4,60597.65,60739.75,173556263
2026-02-13 05:30:00,60504.4,60621.9,60073.55,60186.65,168660891
2026-02-16 05:30:00,59947.8,61011.3,59861.1,60949.1,113287650
2026-02-17 05:30:00,60821.15,61241.6,60560.0,61174.0,181828274
2026-02-18 05:30:00,61255.35,61596.85,61100.9,61550.8,151738647
2026-02-19 05:30:00,61660.85,61678.8,60592.9,60739.55,134317855
2026-02-20 05:30:00,60627.85,61360.5,60562.35,61172.0,159261365
2026-02-23 05:30:00,61145.55,61517.8,61029.15,61264.25,766778350
2026-02-24 05:30:00,61392.1,61435.65,60801.85,61047.3,486806256
2026-02-25 05:30:00,61175.05,61317.55,60816.75,61043.35,234496213
2026-02-26 05:30:00,61193.9,61284.75,60813.3,61187.7,358162305
2026-02-27 05:30:00,61057.45,61086.45,60438.95,60529.0,246830077
2026-03-02 05:30:00,59204.3,60177.5,59148.0,59839.65,223790513
2026-03-04 05:30:00,58447.15,59058.4,58393.55,58755.25,230213357
2026-03-05 05:30:00,59008.25,59274.35,58506.4,59055.85,184944213
2026-03-06 05:30:00,58629.6,58807.15,57696.4,57783.25,182905576
2026-03-09 05:30:00,56121.4,56274.15,55270.6,56019.8,245126689
2026-03-10 05:30:00,56583.85,57097.05,56387.2,56950.8,250116137
2026-03-11 05:30:00,56790.4,56938.4,55631.95,55735.75,178521728
2026-03-12 05:30:00,55008.2,55636.95,54760.55,55100.95,209889921
2026-03-13 05:30:00,54592.05,54713.75,53675.7,53757.85,222565979
2026-03-16 05:30:00,53721.5,54664.15,53258.15,54413.4,251105572
2026-03-17 05:30:00,54649.1,54996.0,54113.15,54876.0,180597717
2026-03-18 05:30:00,54927.05,55554.15,54689.1,55326.05,146797607
2026-03-19 05:30:00,53474.55,54150.3,53240.6,53451.0,312288936
2026-03-20 05:30:00,53548.2,54382.45,53297.55,53427.05,281635126
2026-03-23 05:30:00,52576.1,52665.3,51323.6,51437.75,250460914
2026-03-24 05:30:00,52384.8,52949.15,51827.5,52605.65,231871329
2026-03-25 05:30:00,53024.75,54146.15,53024.75,53708.1,241992252
2026-03-27 05:30:00,53244.25,53292.5,52211.2,52274.6,331028115
2026-03-30 05:30:00,51527.9,51624.5,50105.25,50275.35,564854267
2026-04-01 05:30:00,51433.9,52025.85,51133.55,51448.65,370080617
2026-04-02 05:30:00,50625.65,51731.95,49954.85,51548.75,339187207
2026-04-06 05:30:00,51747.6,52704.55,51111.1,52609.1,355025586
2026-04-07 05:30:00,52258.7,52778.2,51868.45,52716.25,279734514
2026-04-08 05:30:00,54904.45,55778.25,54797.5,55703.9,443562335
2026-04-09 05:30:00,55505.95,55583.1,54626.85,54821.7,298789312
2026-04-10 05:30:00,55182.25,55978.5,55145.25,55912.75,281031417
2026-04-13 05:30:00,54646.0,55752.65,54356.2,55605.05,303606436
2026-04-15 05:30:00,56343.45,56786.25,56109.2,56301.95,267999991
2026-04-16 05:30:00,56657.25,56834.25,55898.25,56086.4,402203847
2026-04-17 05:30:00,56072.4,56628.7,55841.65,56565.7,290559933
2026-04-20 05:30:00,56704.05,57085.1,56356.55,56582.35,596140156
2026-04-21 05:30:00,56823.6,57456.3,56696.3,57371.45,281413848
2026-04-22 05:30:00,57163.35,57438.2,57002.15,57124.45,261934827
2026-04-23 05:30:00,56608.95,56868.7,56217.15,56305.0,336307548
2026-04-24 05:30:00,56170.2,56460.5,55750.4,56089.75,241210038
2026-04-27 05:30:00,56162.6,56474.95,55911.1,56264.3,235494222
2026-04-28 05:30:00,55862.5,56138.05,55263.75,55400.35,292572868
2026-04-29 05:30:00,55634.5,56178.75,55290.5,55403.6,313099005
2026-04-30 05:30:00,54880.65,55111.6,54440.25,54863.35,299008947
2026-05-04 05:30:00,54937.9,55602.3,54723.5,54878.5,282611679
2026-05-05 05:30:00,54691.3,54888.55,54221.65,54547.05,379764576
2026-05-06 05:30:00,55113.4,56078.8,54587.2,55981.05,653257428
2026-05-07 05:30:00,56114.0,56334.15,55783.2,56047.4,463458813
2026-05-08 05:30:00,55783.95,55797.7,55062.5,55310.55,429519591
2026-05-11 05:30:00,54832.45,55002.45,54360.7,54439.9,486830100
2026-05-12 05:30:00,54178.4,54365.45,53457.5,53555.2,364373903
2026-05-13 05:30:00,53600.4,54103.9,53194.25,53456.15,305888706
2026-05-14 05:30:00,53639.5,54393.75,53191.6,54128.95,311812842
2026-05-15 05:30:00,54207.75,54325.45,53628.3,53710.35,315128143
2026-05-18 05:30:00,53282.15,53667.55,52783.45,53537.0,311842492
2026-05-19 05:30:00,53553.75,53770.65,53337.05,53409.15,267772359
2026-05-20 05:30:00,53015.7,53640.9,52836.1,53562.2,221449458
2026-05-21 05:30:00,53963.1,54109.15,53156.15,53439.4,285518874
2026-05-22 05:30:00,53483.85,54213.05,53483.55,54055.35,229338156
2026-05-25 05:30:00,54610.55,55405.2,54590.7,55293.65,262419167
2026-05-26 05:30:00,55311.8,55536.8,54979.75,55092.9,321273666
2026-05-27 05:30:00,54992.95,55221.7,54738.6,54853.85,268052806
2026-05-29 05:30:00,54748.3,55184.45,54116.15,54239.2,1042592835
2026-06-01 05:30:00,54403.85,54582.75,53470.0,53643.1,322916279
2026-06-02 05:30:00,53265.1,53933.55,53121.85,53714.65,406403053
2026-06-03 05:30:00,53541.1,54299.35,53027.15,54185.95,339085249
2026-06-04 05:30:00,53918.85,54461.0,53829.4,54307.85,273684619
2026-06-05 05:30:00,54405.2,54865.5,54140.6,54496.25,368963233
2026-06-08 05:30:00,53853.45,54455.2,53843.3,54063.75,299385492
2026-06-09 05:30:00,54265.0,55318.35,54242.3,55194.5,409677431
2026-06-10 05:30:00,55110.5,55555.85,55026.15,55100.3,343154351
2026-06-11 05:30:00,54779.65,55600.15,54753.15,55176.75,339375955
2026-06-12 05:30:00,55934.1,56867.1,55726.55,56814.8,337387698
2026-06-15 05:30:00,57679.65,57804.5,57119.2,57198.8,350698837
2026-06-16 05:30:00,57320.1,57399.7,57076.25,57297.15,375449405
2026-06-17 05:30:00,57434.05,57646.15,57222.4,57585.05,583416456
2026-06-18 05:30:00,57596.45,58021.25,57583.2,57963.8,409619907
2026-06-19 05:30:00,57754.95,57804.9,57464.55,57685.75,285767830
2026-06-22 05:30:00,57906.9,58009.1,57720.1,57935.6,293508621
2026-06-23 05:30:00,57886.75,57970.9,57078.45,57183.75,267194713
2026-06-24 05:30:00,57074.9,58256.35,57074.9,58150.35,283234744
2026-06-25 05:30:00,58493.85,58706.05,58109.85,58177.05,296548901
2026-06-29 05:30:00,58191.45,58318.05,57637.25,57727.35,529807813
2026-06-30 05:30:00,58011.95,58011.95,57456.65,57542.9,398655816
2026-07-01 05:30:00,57573.35,58134.15,57487.85,58033.05,260449994
2026-07-02 05:30:00,58134.5,58396.1,57884.6,58031.65,273279890
2026-07-03 05:30:00,58343.25,58343.25,57799.05,57938.5,326266951
2026-07-06 05:30:00,57983.9,58477.3,57938.65,58291.5,284447133
2026-07-07 05:30:00,58567.85,58581.1,58110.1,58200.7,261922414
2026-07-08 05:30:00,57918.25,58075.6,56549.4,56742.6,304865203
2026-07-09 05:30:00,56871.0,57464.2,56867.3,57252.45,231570751
2026-07-10 05:30:00,57592.5,58251.95,57576.7,58045.9,235609950
2026-07-13 05:30:00,57616.7,58219.9,57492.05,58131.45,210287279
