datetime,open,high,low,close,volume
2025-07-14 05:30:00,25149.5,25151.1,25001.95,25082.3,266549506
2025-07-15 05:30:00,25089.5,25245.2,25088.45,25195.8,249121518
2025-07-16 05:30:00,25196.6,25255.3,25121.05,25212.05,239218549
2025-07-17 05:30:00,25230.75,25238.35,25101.0,25111.45,254950473
2025-07-18 05:30:00,25108.55,25144.6,24918.65,24968.4,325494375
2025-07-21 05:30:00,24999.0,25111.4,24882.3,25090.7,316849940
2025-07-22 05:30:00,25166.65,25182.0,25035.55,25060.9,491530801
2025-07-23 05:30:00,25139.35,25233.5,25085.5,25219.9,278717223
2025-07-24 05:30:00,25243.3,25246.25,25018.7,25062.1,350968454
2025-07-25 05:30:00,25010.35,25010.35,24806.35,24837.0,284378760
2025-07-28 05:30:00,24782.45,24889.2,24646.6,24680.9,269112728
2025-07-29 05:30:00,24609.65,24847.15,24598.6,24821.1,295506044
2025-07-30 05:30:00,24890.4,24902.3,24771.95,24855.05,251928593
2025-07-31 05:30:00,24642.25,24956.5,24635.0,24768.35,358068253
2025-08-01 05:30:00,24734.9,24784.15,24535.05,24565.35,269720835
2025-08-04 05:30:00,24596.05,24736.25,24554.0,24722.75,266702847
2025-08-05 05:30:00,24720.25,24733.1,24590.3,24649.55,264406774
2025-08-06 05:30:00,24641.35,24671.4,24539.2,24574.2,232694945
2025-08-07 05:30:00,24464.2,24634.2,24344.15,24596.15,623786898
2025-08-08 05:30:00,24544.25,24585.5,24337.5,24363.3,319577789
2025-08-11 05:30:00,24371.5,24600.85,24347.45,24585.05,245698424
2025-08-12 05:30:00,24563.35,24702.6,24465.65,24487.4,243471363
2025-08-13 05:30:00,24586.2,24664.55,24535.25,24619.35,242795489
2025-08-14 05:30:00,24607.25,24673.65,24596.9,24631.3,278918061
2025-08-18 05:30:00,24938.2,25022.0,24852.85,24876.95,372713703
2025-08-19 05:30:00,24891.35,25012.65,24873.95,24980.65,258517047
2025-08-20 05:30:00,24965.8,25088.7,24929.7,25050.55,292029233
2025-08-21 05:30:00,25142.0,25153.65,25054.9,25083.75,232761977
2025-08-22 05:30:00,25064.15,25084.85,24859.15,24870.1,220082135
2025-08-25 05:30:00,24949.15,25021.55,24894.35,24967.75,221791155
2025-08-26 05:30:00,24899.5,24919.65,24689.6,24712.05,750473927
2025-08-28 05:30:00,24695.8,24702.65,24481.6,24500.9,326601486
2025-08-29 05:30:00,24466.7,24572.45,24404.7,24426.85,325543583
2025-09-01 05:30:00,24432.7,24635.6,24432.7,24625.05,229327424
2025-09-02 05:30:00,24653.0,24756.1,24522.35,24579.6,271558516
2025-09-03 05:30:00,24616.5,24737.05,24533.2,24715.05,340283328
2025-09-04 05:30:00,24980.75,24980.75,24708.2,24734.3,314094160
2025-09-05 05:30:00,24818.85,24832.35,24621.6,24741.0,210071924
2025-09-08 05:30:00,24802.6,24885.5,24751.55,24773.15,213228202
2025-09-09 05:30:00,24864.1,24891.8,24814.0,24868.6,226919775
2025-09-10 05:30:00,24991.0,25035.7,24915.05,24973.1,244146466
2025-09-11 05:30:00,24945.5,25037.3,24940.15,25005.5,224570983
2025-09-12 05:30:00,25074.45,25139.45,25038.05,25114.0,225739766
2025-09-15 05:30:00,25118.9,25138.45,25048.75,25069.2,185375759
2025-09-16 05:30:00,25073.6,25261.4,25070.45,25239.1,240122320
2025-09-17 05:30:00,25276.6,25346.5,25275.35,25330.25,268936695
2025-09-18 05:30:00,25441.05,25448.55,25329.75,25423.6,272193683
2025-09-19 05:30:00,25410.2,25431.4,25286.3,25327.05,380362832
2025-09-22 05:30:00,25238.1,25331.7,25151.05,25202.35,254509892
2025-09-23 05:30:00,25209.0,25261.9,25084.65,25169.5,299204338
2025-09-24 05:30:00,25108.75,25149.85,25027.45,25056.9,244382281
2025-09-25 05:30:00,25034.5,25092.7,24878.3,24890.85,342534768
2025-09-26 05:30:00,24818.55,24868.6,24629.45,24654.7,291537949
2025-09-29 05:30:00,24728.55,24791.3,24606.2,24634.9,394388242
2025-09-30 05:30:00,24691.95,24731.8,24587.7,24611.1,303036149
2025-10-01 05:30:00,24620.55,24867.95,24605.95,24836.3,308901205
2025-10-03 05:30:00,24759.55,24904.8,24747.55,24894.25,365850329
2025-10-06 05:30:00,24916.55,25095.95,24881.65,25077.65,268788879
2025-10-07 05:30:00,25085.3,25220.9,25076.3,25108.3,287992307
2025-10-08 05:30:00,25079.75,25192.5,25008.5,25046.15,227439592
2025-10-09 05:30:00,25074.3,25199.25,25024.3,25181.8,286911795
2025-10-10 05:30:00,25167.65,25330.75,25156.85,25285.35,236016218
2025-10-13 05:30:00,25177.3,25267.3,25152.3,25227.35,234563558
2025-10-14 05:30:00,25277.55,25310.35,25060.55,25145.5,291837460
2025-10-15 05:30:00,25181.95,25365.15,25159.35,25323.55,290252378
2025-10-16 05:30:00,25394.9,25625.4,25376.85,25585.3,373229394
2025-10-17 05:30:00,25546.85,25781.5,25508.6,25709.85,421439107
2025-10-20 05:30:00,25824.6,25926.2,25788.5,25843.15,308150601
2025-10-21 05:30:00,25901.2,25934.35,25825.8,25868.6,42701288
2025-10-23 05:30:00,26057.2,26104.2,25862.45,25891.4,450698119
2025-10-24 05:30:00,25935.1,25944.15,25718.2,25795.15,284913477
2025-10-27 05:30:00,25843.2,26005.95,25827.0,25966.05,266337274
2025-10-28 05:30:00,25939.95,26041.7,25810.05,25936.2,395231207
2025-10-29 05:30:00,25982.0,26097.85,25960.3,26053.9,321880610
2025-10-30 05:30:00,25984.4,26032.05,25845.25,25877.85,257373001
2025-10-31 05:30:00,25863.8,25953.75,25711.2,25722.1,334384400
2025-11-03 05:30:00,25696.85,25803.1,25645.5,25763.35,275858501
2025-11-04 05:30:00,25744.75,25787.4,25578.4,25597.65,305143084
2025-11-06 05:30:00,25593.35,25679.15,25491.55,25509.7,371852417
2025-11-07 05:30:00,25433.8,25551.25,25318.45,25492.3,305606393
2025-11-10 05:30:00,25503.5,25653.45,25503.5,25574.35,243592948
2025-11-11 05:30:00,25617.0,25715.8,25449.25,25694.95,297714069
2025-11-12 05:30:00,25834.3,25934.55,25781.15,25875.8,312591022
2025-11-13 05:30:00,25906.1,26010.7,25808.4,25879.15,373090499
2025-11-14 05:30:00,25767.9,25940.2,25740.8,25910.05,353423618
2025-11-17 05:30:00,25948.2,26024.2,25906.35,26013.45,264610565
2025-11-18 05:30:00,26021.8,26029.85,25876.5,25910.05,280000989
2025-11-19 05:30:00,25918.1,26074.65,25856.2,26052.65,250110008
2025-11-20 05:30:00,26132.1,26246.65,26063.2,26192.15,240425729
2025-11-21 05:30:00,26109.55,26179.2,26052.2,26068.15,235581427
2025-11-24 05:30:00,26122.8,26142.8,25912.15,25959.5,464655063
2025-11-25 05:30:00,25998.5,26032.6,25857.5,25884.8,260454909
2025-11-26 05:30:00,25842.95,26215.15,25842.95,26205.3,275265169
2025-11-27 05:30:00,26261.25,26310.45,26141.9,26215.55,240287057
2025-11-28 05:30:00,26237.45,26280.75,26172.4,26202.95,202511545
2025-12-01 05:30:00,26325.8,26325.8,26124.2,26175.75,213828573
2025-12-02 05:30:00,26087.95,26154.6,25997.85,26032.2,254803113
2025-12-03 05:30:00,26004.9,26066.45,25891.0,25986.0,265660108
2025-12-04 05:30:00,25981.85,26098.25,25938.95,26033.75,248099545
2025-12-05 05:30:00,25999.8,26202.6,25985.35,26186.45,249254405
2025-12-08 05:30:00,26159.8,26178.7,25892.25,25960.55,320729920
2025-12-09 05:30:00,25867.1,25923.65,25728.0,25839.65,275978160
2025-12-10 05:30:00,25864.05,25947.65,25734.55,25758.0,207944446
2025-12-11 05:30:00,25771.4,25922.8,25693.25,25898.55,206099631
2025-12-12 05:30:00,25971.2,26057.6,25938.45,26046.95,216344338
2025-12-15 05:30:00,25930.05,26047.15,25904.75,26027.3,181557703
2025-12-16 05:30:00,25951.5,25980.75,25834.35,25860.1,264351195
2025-12-17 05:30:00,25902.4,25929.15,25770.35,25818.55,206521258
2025-12-18 05:30:00,25764.7,25902.35,25726.3,25815.55,197553755
2025-12-19 05:30:00,25911.5,25993.35,25880.45,25966.4,382927284
2025-12-22 05:30:00,26055.85,26180.7,26047.8,26172.4,252990050
2025-12-23 05:30:00,26205.2,26233.55,26119.05,26177.15,216553840
2025-12-24 05:30:00,26170.65,26236.4,26123.0,26142.1,188846828
2025-12-26 05:30:00,26121.25,26144.2,26008.6,26042.3,142243763
2025-12-29 05:30:00,26063.35,26106.8,25920.3,25942.1,234312888
2025-12-30 05:30:00,25940.9,25976.75,25878.0,25938.85,396893959
2025-12-31 05:30:00,25971.05,26187.95,25969.0,26129.6,246314941
2026-01-01 05:30:00,26173.3,26197.55,26113.4,26146.55,425631910
2026-01-02 05:30:00,26155.1,26340.0,26118.4,26328.55,357547806
2026-01-05 05:30:00,26333.7,26373.2,26210.05,26250.3,338777649
2026-01-06 05:30:00,26189.7,26273.95,26124.75,26178.7,383040203
2026-01-07 05:30:00,26143.1,26187.15,26067.9,26140.75,338216740
2026-01-08 05:30:00,26106.5,26133.2,25858.45,25876.85,328520950
2026-01-09 05:30:00,25840.4,25940.6,25623.0,25683.3,348757262
2026-01-12 05:30:00,25669.05,25813.15,25473.4,25790.25,275757268
2026-01-13 05:30:00,25897.35,25899.8,25603.3,25732.3,339536336
2026-01-14 05:30:00,25648.55,25791.75,25603.95,25665.6,393126596
2026-01-16 05:30:00,25696.05,25873.5,25662.4,25694.35,434041776
2026-01-19 05:30:00,25653.1,25653.3,25494.35,25585.5,443087953
2026-01-20 05:30:00,25580.3,25585.0,25171.35,25232.5,409772324
2026-01-21 05:30:00,25141.0,25300.95,24919.8,25157.5,395624981
2026-01-22 05:30:00,25344.15,25435.75,25168.5,25289.9,486395433
2026-01-23 05:30:00,25344.6,25347.95,25025.3,25048.65,393944908
2026-01-27 05:30:00,25063.35,25246.65,24932.55,25175.4,618696080
2026-01-28 05:30:00,25258.85,25372.1,25187.65,25342.75,574903942
2026-01-29 05:30:00,25345.0,25458.15,25159.8,25418.9,582389331
2026-01-30 05:30:00,25247.55,25370.7,25213.65,25320.65,508388604
2026-02-01 05:30:00,25333.75,25440.9,24571.75,24825.45,379370206
2026-02-02 05:30:00,24796.5,25108.1,24679.4,25088.4,449215604
2026-02-03 05:30:00,26308.05,26341.2,25641.3,25727.55,637263148
2026-02-04 05:30:00,25675.05,25818.55,25563.95,25776.0,429788986
2026-02-05 05:30:00,25755.9,25757.65,25579.5,25642.8,343812628
2026-02-06 05:30:00,25605.8,25703.95,25491.9,25693.7,375476124
2026-02-09 05:30:00,25888.7,25922.25,25780.9,25867.3,359386006
2026-02-10 05:30:00,25922.65,25989.45,25870.45,25935.15,460878237
2026-02-11 05:30:00,25997.45,26009.4,25899.8,25953.85,331389240
2026-02-12 05:30:00,25906.7,25906.7,25752.4,25807.2,419388014
2026-02-13 05:30:00,25571.15,25630.35,25444.3,25471.1,453523192
2026-02-16 05:30:00,25423.6,25697.0,25372.7,25682.75,275771857
2026-02-17 05:30:00,25637.95,25764.4,25570.3,25725.4,344120117
2026-02-18 05:30:00,25752.65,25828.05,25645.15,25819.35,310226489
2026-02-19 05:30:00,25873.35,25885.3,25388.75,25454.35,298228436
2026-02-20 05:30:00,25406.55,25663.55,25379.75,25571.25,296582203
2026-02-23 05:30:00,25678.4,25771.45,25609.35,25713.0,313680394
2026-02-24 05:30:00,25641.8,25641.8,25327.6,25424.65,439068188
2026-02-25 05:30:00,25512.6,25652.6,25428.2,25482.5,414215742
2026-02-26 05:30:00,25556.3,25572.95,25400.95,25496.55,405219244
2026-02-27 05:30:00,25459.85,25476.4,25141.3,25178.65,438924282
2026-03-02 05:30:00,24659.25,24989.35,24603.5,24865.7,519228821
2026-03-04 05:30:00,24388.8,24602.45,24305.4,24480.5,598993881
2026-03-05 05:30:00,24615.95,24854.2,24529.4,24765.9,504339053
2026-03-06 05:30:00,24656.4,24700.8,24415.75,24450.45,433408256
2026-03-09 05:30:00,23868.05,24078.15,23697.8,24028.05,526901605
2026-03-10 05:30:00,24280.8,24303.8,24079.95,24261.6,444283436
2026-03-11 05:30:00,24231.85,24299.0,23834.3,23866.85,407400643
2026-03-12 05:30:00,23674.85,23833.15,23556.3,23639.15,501004098
2026-03-13 05:30:00,23462.5,23492.4,23112.0,23151.1,519776752
2026-03-16 05:30:00,23116.1,23502.0,22955.25,23408.8,540293230
2026-03-17 05:30:00,23493.2,23656.8,23346.6,23581.15,458788167
2026-03-18 05:30:00,23632.9,23862.25,23618.45,23777.8,382876401
2026-03-19 05:30:00,23197.75,23378.7,22930.35,23002.15,550147401
2026-03-20 05:30:00,23110.15,23345.15,23067.6,23114.5,663289390
2026-03-23 05:30:00,22824.35,22851.7,22471.25,22512.65,550275334
2026-03-24 05:30:00,22878.45,23057.3,22624.2,22912.4,538098322
2026-03-25 05:30:00,23064.4,23465.35,23063.2,23306.45,505418973
2026-03-27 05:30:00,23173.55,23186.1,22804.55,22819.6,612556883
2026-03-30 05:30:00,22549.65,22714.1,22283.85,22331.4,698599891
2026-04-01 05:30:00,22899.0,22941.3,22618.6,22679.4,517954448
2026-04-02 05:30:00,22383.4,22782.3,22182.55,22713.1,495121035
2026-04-06 05:30:00,22780.3,22998.35,22542.95,22968.25,426416812
2026-04-07 05:30:00,22838.7,23153.85,22719.3,23123.65,476981883
2026-04-08 05:30:00,23855.15,24025.15,23828.5,23997.35,639257993
2026-04-09 05:30:00,23909.05,23990.75,23682.8,23775.1,466587329
2026-04-10 05:30:00,23880.55,24074.05,23856.35,24050.6,481302436
2026-04-13 05:30:00,23589.6,23907.4,23555.6,23842.65,488844789
2026-04-15 05:30:00,24163.8,24280.9,24145.8,24231.3,460334041
2026-04-16 05:30:00,24385.2,24400.95,24102.8,24196.75,508017772
2026-04-17 05:30:00,24165.9,24371.9,24096.05,24353.55,498625189
2026-04-20 05:30:00,24391.5,24480.65,24241.25,24364.85,415942883
2026-04-21 05:30:00,24374.55,24601.7,24354.9,24576.6,425826834
2026-04-22 05:30:00,24470.85,24515.95,24352.9,24378.1,440524292
2026-04-23 05:30:00,24202.35,24310.2,24134.8,24173.05,467549860
2026-04-24 05:30:00,24100.55,24206.0,23813.65,23897.95,438433486
2026-04-27 05:30:00,23945.45,24130.7,23936.2,24092.7,430297937
2026-04-28 05:30:00,24049.9,24181.8,23957.05,23995.7,554134344
2026-04-29 05:30:00,24096.9,24334.7,24059.95,24177.65,531122966
2026-04-30 05:30:00,23996.95,24087.45,23796.85,23997.55,505520648
2026-05-04 05:30:00,24063.55,24290.2,24004.75,24119.3,419069793
2026-05-05 05:30:00,24052.6,24081.7,23882.05,24032.8,363297728
2026-05-06 05:30:00,24171.0,24356.5,23997.9,24330.95,429190144
2026-05-07 05:30:00,24398.5,24482.1,24284.0,24326.65,440621691
2026-05-08 05:30:00,24233.65,24253.8,24126.65,24176.15,335887188
2026-05-11 05:30:00,23970.1,23997.45,23799.1,23815.85,390108343
2026-05-12 05:30:00,23722.6,23757.55,23348.4,23379.55,447518189
2026-05-13 05:30:00,23362.45,23582.95,23262.55,23412.6,415359044
2026-05-14 05:30:00,23530.25,23777.2,23426.55,23689.6,428735424
2026-05-15 05:30:00,23731.4,23839.3,23610.3,23643.5,408864566
2026-05-18 05:30:00,23482.2,23695.65,23317.1,23649.95,391968426
2026-05-19 05:30:00,23675.3,23782.3,23587.2,23618.0,441953184
2026-05-20 05:30:00,23457.25,23690.9,23397.3,23659.0,344050591
2026-05-21 05:30:00,23830.05,23859.9,23596.6,23654.7,348183907
2026-05-22 05:30:00,23671.2,23835.65,23671.0,23719.3,336108649
2026-05-25 05:30:00,23940.25,24054.45,23922.85,24031.7,351224048
2026-05-26 05:30:00,24004.1,24089.8,23885.45,23913.7,387932940
2026-05-27 05:30:00,23880.35,23983.2,23858.25,23907.15,531572650
2026-05-29 05:30:00,23902.15,24002.8,23484.75,23547.75,1198023438
2026-06-01 05:30:00,23654.5,23733.7,23357.95,23382.6,421691204
2026-06-02 05:30:00,23229.15,23556.95,23229.15,23483.55,511852817
2026-06-03 05:30:00,23415.95,23459.65,23151.5,23405.6,450089851
2026-06-04 05:30:00,23282.45,23465.3,23247.3,23416.55,412505524
2026-06-05 05:30:00,23478.95,23516.35,23282.65,23366.7,366208223
2026-06-08 05:30:00,23080.7,23267.3,23070.15,23123.0,375730763
2026-06-09 05:30:00,23259.05,23279.4,23104.45,23242.1,402552937
2026-06-10 05:30:00,23233.95,23425.35,23184.6,23214.95,380030627
2026-06-11 05:30:00,23104.4,23327.45,23072.05,23161.6,362996956
2026-06-12 05:30:00,23412.55,23645.35,23313.9,23622.9,351944432
2026-06-15 05:30:00,23984.85,24011.4,23817.8,23853.9,398913735
2026-06-16 05:30:00,23923.9,24002.6,23888.2,23989.15,327307262
2026-06-17 05:30:00,24044.5,24108.2,23969.7,24085.7,352665809
2026-06-18 05:30:00,24073.8,24189.25,24036.95,24168.0,339988612
2026-06-19 05:30:00,23991.2,24047.2,23901.9,24013.1,447858148
2026-06-22 05:30:00,24106.6,24168.05,24073.15,24102.9,252821156
2026-06-23 05:30:00,24071.3,24135.5,23784.95,23824.1,340090069
2026-06-24 05:30:00,23795.8,24090.05,23789.25,24021.65,395578738
2026-06-25 05:30:00,24125.85,24261.6,24039.0,24056.0,448752143
2026-06-29 05:30:00,24061.75,24120.0,23924.55,23946.25,588498045
2026-06-30 05:30:00,24032.05,24035.55,23829.2,23865.75,449044753
2026-07-01 05:30:00,23897.65,24049.9,23895.1,24005.85,352148975
2026-07-02 05:30:00,24062.2,24194.55,24058.8,24175.7,372941283
2026-07-03 05:30:00,24375.65,24378.15,24252.35,24270.85,326634751
2026-07-06 05:30:00,24306.85,24458.65,24287.1,24430.35,329356507
2026-07-07 05:30:00,24464.45,24530.9,24348.95,24398.7,412624457
2026-07-08 05:30:00,24259.55,24300.0,23805.2,23882.05,420531527
2026-07-09 05:30:00,23928.95,24134.7,23925.7,23962.8,384795241
2026-07-10 05:30:00,24124.7,24228.45,24120.35,24206.9,313072212
2026-07-13 05:30:00,24039.4,24259.8,24000.2,24211.0,322678968
